0.000000 0.000000 0.000000 0.000000 0.064221 -0.990553
0.000020 0.012591 0.031458 0.000013 1.029047 -0.922732
0.000040 0.025180 0.062792 0.000025 1.049124 -0.860230
0.000060 0.037766 0.093876 0.000038 1.001741 -0.814372
0.000080 0.050345 0.124589 0.000050 1.029264 -0.836598
0.000100 0.062916 0.154808 0.000063 1.044520 -0.699817
0.000120 0.075477 0.184413 0.000076 1.020613 -0.708415
0.000140 0.088027 0.213288 0.000088 1.063038 -0.707894
0.000160 0.100562 0.241318 0.000101 1.039414 -0.672323
0.000180 0.113082 0.268392 0.000113 1.022671 -0.561282
0.000200 0.125583 0.294402 0.000126 1.024009 -0.543172
0.000220 0.138065 0.319245 0.000139 1.006932 -0.479724
0.000240 0.150524 0.342824 0.000151 1.031537 -0.414611
0.000261 0.162960 0.365044 0.000164 1.077464 -0.378422
0.000281 0.175370 0.385818 0.000176 1.035592 -0.297661
0.000301 0.187752 0.405063 0.000189 1.000353 -0.320670
0.000321 0.200105 0.422703 0.000201 1.059651 -0.356404
0.000341 0.212425 0.438668 0.000214 1.078709 -0.230200
0.000361 0.224712 0.452895 0.000227 1.043144 -0.168802
0.000381 0.236964 0.465327 0.000239 1.057352 -0.201141
0.000401 0.249178 0.475916 0.000252 1.006655 -0.123660
0.000421 0.261352 0.484619 0.000264 1.075638 -0.135334
0.000441 0.273485 0.491401 0.000277 1.030191 -0.035250
0.000461 0.285574 0.496237 0.000290 1.017485 -0.075751
0.000481 0.297619 0.499106 0.000302 1.018698 -0.010784
0.000501 0.309616 0.499998 0.000315 1.085104 0.028575
0.000521 0.321564 0.498908 0.000327 1.081820 0.099647
0.000541 0.333461 0.495841 0.000340 1.082061 0.172732
0.000561 0.345305 0.490810 0.000353 1.006241 0.239151
0.000581 0.357094 0.483834 0.000365 1.026173 0.185184
0.000601 0.368827 0.474941 0.000378 1.064720 0.335831
0.000621 0.380501 0.464166 0.000390 1.097775 0.255147
0.000641 0.392115 0.451552 0.000403 1.016790 0.414299
0.000661 0.403667 0.437149 0.000416 1.007526 0.452325
0.000681 0.415155 0.421013 0.000428 1.096727 0.451856
0.000701 0.426577 0.403209 0.000441 1.072650 0.485487
0.000721 0.437931 0.383808 0.000453 1.006775 0.518629
0.000741 0.449216 0.362886 0.000466 1.038437 0.546428
0.000762 0.460430 0.340526 0.000478 1.024584 0.626291
0.000782 0.471570 0.316816 0.000491 1.028519 0.644041
0.000802 0.482636 0.291852 0.000504 1.030355 0.620244
0.000822 0.493626 0.265730 0.000516 1.001993 0.772487
0.000842 0.504537 0.238556 0.000529 1.019478 0.714285
0.000862 0.515368 0.210437 0.000541 1.047791 0.757737
0.000882 0.526117 0.181484 0.000554 1.063839 0.838520
0.000902 0.536783 0.151812 0.000567 1.048170 0.919050
0.000922 0.547364 0.121538 0.000579 1.044380 0.873998
0.000942 0.557858 0.090782 0.000592 1.030214 0.994650
0.000962 0.568264 0.059667 0.000604 1.021382 0.933221
0.000982 0.578580 0.028316 0.000617 1.013940 1.098692
0.001002 0.588803 -0.003148 0.000630 1.026968 1.090289
0.001022 0.598934 -0.034599 0.000642 1.066400 0.989471
0.001042 0.608970 -0.065913 0.000655 1.075602 0.957038
0.001062 0.618909 -0.096966 0.000667 1.014728 0.981762
0.001082 0.628749 -0.127635 0.000680 1.094626 0.873394
0.001102 0.638491 -0.157798 0.000693 1.021307 0.842618
0.001122 0.648131 -0.187336 0.000705 1.069978 0.775541
0.001142 0.657668 -0.216131 0.000718 1.080454 0.769594
0.001162 0.667101 -0.244070 0.000730 1.007550 0.746052
0.001182 0.676428 -0.271042 0.000743 1.081199 0.695726
0.001202 0.685648 -0.296940 0.000755 1.065111 0.600751
0.001222 0.694759 -0.321662 0.000768 1.019155 0.656515
0.001242 0.703760 -0.345109 0.000781 1.067093 0.578926
0.001263 0.712650 -0.367188 0.000793 1.098426 0.482252
0.001283 0.721426 -0.387812 0.000806 1.002867 0.544474
0.001303 0.730088 -0.406900 0.000818 1.050965 0.458896
0.001323 0.738635 -0.424376 0.000831 1.086612 0.468992
0.001343 0.747064 -0.440170 0.000844 1.073546 0.344068
0.001363 0.755375 -0.454220 0.000856 1.049593 0.280412
0.001383 0.763566 -0.466470 0.000869 1.074435 0.326315
0.001403 0.771636 -0.476872 0.000881 1.010959 0.304794
0.001423 0.779583 -0.485384 0.000894 1.086335 0.257828
0.001443 0.787407 -0.491973 0.000907 1.060030 0.239872
0.001463 0.795107 -0.496612 0.000919 1.065264 0.078451
0.001483 0.802680 -0.499284 0.000932 1.051940 0.116114
0.001503 0.810126 -0.499978 0.000944 1.007749 0.080432
0.001523 0.817443 -0.498690 0.000957 1.050087 0.021213
0.001543 0.824631 -0.495426 0.000970 1.052213 -0.065002
0.001563 0.831688 -0.490200 0.000982 1.072201 0.020186
0.001583 0.838613 -0.483031 0.000995 1.071785 -0.016439
0.001603 0.845406 -0.473948 0.001007 1.035998 -0.059729
0.001623 0.852064 -0.462987 0.001020 1.064879 -0.239327
0.001643 0.858587 -0.450191 0.001033 1.060749 -0.137827
0.001663 0.864974 -0.435612 0.001045 1.059028 -0.279004
0.001683 0.871224 -0.419307 0.001058 1.049961 -0.226387
0.001703 0.877336 -0.401340 0.001070 1.023833 -0.291811
0.001723 0.883309 -0.381783 0.001083 1.089537 -0.387254
0.001743 0.889141 -0.360713 0.001095 1.011509 -0.366538
0.001764 0.894833 -0.338214 0.001108 1.071690 -0.502206
0.001784 0.900383 -0.314375 0.001121 1.004569 -0.439658
0.001804 0.905790 -0.289290 0.001133 1.045865 -0.546076
0.001824 0.911053 -0.263059 0.001146 1.017025 -0.586881
0.001844 0.916172 -0.235785 0.001158 1.084100 -0.634609
0.001864 0.921146 -0.207577 0.001171 1.039023 -0.678595
0.001884 0.925974 -0.178547 0.001184 1.057318 -0.712008
0.001904 0.930655 -0.148809 0.001196 1.038342 -0.659713
0.001924 0.935188 -0.118482 0.001209 1.046136 -0.796997
0.001944 0.939573 -0.087685 0.001221 1.062905 -0.774051
0.001964 0.943809 -0.056541 0.001234 1.049926 -0.893941
0.001984 0.947896 -0.025172 0.001247 1.042018 -0.852194
0.002004 0.951832 0.006296 0.001259 1.014177 -0.964389
0.002024 0.955617 0.037739 0.001272 1.077703 -0.927528
0.002044 0.959251 0.069032 0.001284 1.089533 -0.879330
0.002064 0.962732 0.100052 0.001297 1.017052 -0.798536
0.002084 0.966061 0.130676 0.001310 1.034849 -0.769206
0.002104 0.969237 0.160782 0.001322 1.006355 -0.713267
0.002124 0.972260 0.190251 0.001335 1.064965 -0.735526
0.002144 0.975128 0.218965 0.001347 1.011102 -0.573566
0.002164 0.977841 0.246813 0.001360 1.089224 -0.589987
0.002184 0.980400 0.273682 0.001372 1.053891 -0.559867
0.002204 0.982803 0.299467 0.001385 1.071787 -0.523373
0.002224 0.985050 0.324065 0.001398 1.001179 -0.547763
0.002244 0.987141 0.347380 0.001410 1.049402 -0.463148
0.002265 0.989075 0.369317 0.001423 1.006862 -0.325214
0.002285 0.990853 0.389792 0.001435 1.037283 -0.326980
0.002305 0.992474 0.408722 0.001448 1.070849 -0.285732
0.002325 0.993937 0.426032 0.001461 1.046049 -0.265294
0.002345 0.995242 0.441654 0.001473 1.097697 -0.259416
0.002365 0.996390 0.455527 0.001486 1.056095 -0.161191
0.002385 0.997380 0.467594 0.001498 1.019907 -0.093119
0.002405 0.998212 0.477808 0.001511 1.044098 -0.126792
0.002425 0.998885 0.486130 0.001524 1.014560 -0.098792
0.002445 0.999401 0.492525 0.001536 1.007751 -0.019055
0.002465 0.999757 0.496968 0.001549 1.048028 -0.053738
0.002485 0.999955 0.499443 0.001561 1.095011 0.072968
0.002505 0.999995 0.499938 0.001574 -0.973880 0.046371
0.002525 0.999876 0.498452 0.001587 -0.960506 0.054395
0.002545 0.999599 0.494992 0.001599 -0.946896 0.204655
0.002565 0.999163 0.489570 0.001612 -0.963777 0.131480
0.002585 0.998568 0.482208 0.001624 -0.915088 0.297568
0.002605 0.997816 0.472936 0.001637 -0.910288 0.289268
0.002625 0.996905 0.461789 0.001649 -0.910830 0.365232
0.002645 0.995836 0.448813 0.001662 -0.973413 0.314791
0.002665 0.994609 0.434058 0.001675 -0.907624 0.480501
0.002685 0.993225 0.417584 0.001687 -0.968606 0.395551
0.002705 0.991683 0.399455 0.001700 -0.998498 0.449476
0.002725 0.989984 0.379743 0.001712 -0.942774 0.578081
0.002745 0.988128 0.358526 0.001725 -0.933216 0.560777
0.002766 0.986115 0.335889 0.001738 -0.944202 0.540402
0.002786 0.983946 0.311921 0.001750 -0.937319 0.611522
0.002806 0.981621 0.286717 0.001763 -0.984374 0.695514
0.002826 0.979140 0.260376 0.001775 -0.938303 0.688524
0.002846 0.976504 0.233005 0.001788 -0.961610 0.796654
0.002866 0.973713 0.204709 0.001801 -0.964367 0.801112
0.002886 0.970768 0.175603 0.001813 -0.914146 0.918900
0.002906 0.967669 0.145801 0.001826 -0.982753 0.887079
0.002926 0.964416 0.115421 0.001838 -0.936326 0.931322
0.002946 0.961011 0.084584 0.001851 -0.948031 1.035264
0.002966 0.957453 0.053412 0.001864 -0.984849 1.058247
0.002986 0.953743 0.022028 0.001876 -0.979201 1.104383
0.003006 0.949882 -0.009443 0.001889 -0.935440 1.066671
0.003026 0.945871 -0.040877 0.001901 -0.954084 1.045655
0.003046 0.941710 -0.072149 0.001914 -0.902515 1.044568
0.003066 0.937399 -0.103135 0.001927 -0.906450 0.888604
0.003086 0.932940 -0.133712 0.001939 -0.971023 0.912726
0.003106 0.928332 -0.163759 0.001952 -0.974910 0.822922
0.003126 0.923578 -0.193158 0.001964 -0.959103 0.832011
0.003146 0.918677 -0.221791 0.001977 -0.975713 0.717317
0.003166 0.913631 -0.249546 0.001989 -0.954238 0.735372
0.003186 0.908439 -0.276311 0.002002 -0.982766 0.631389
0.003206 0.903104 -0.301982 0.002015 -0.986030 0.647550
0.003226 0.897626 -0.326456 0.002027 -0.911198 0.635559
0.003246 0.892005 -0.349637 0.002040 -0.980213 0.576303
0.003267 0.886242 -0.371432 0.002052 -0.952666 0.511581
0.003287 0.880340 -0.391755 0.002065 -0.960235 0.480212
0.003307 0.874297 -0.410527 0.002078 -0.983461 0.509944
0.003327 0.868116 -0.427671 0.002090 -0.970745 0.451639
0.003347 0.861798 -0.443121 0.002103 -0.991685 0.401566
0.003367 0.855343 -0.456815 0.002115 -0.947323 0.313971
0.003387 0.848752 -0.468699 0.002128 -0.918126 0.363066
0.003407 0.842026 -0.478726 0.002141 -0.970486 0.308894
0.003427 0.835167 -0.486856 0.002153 -0.962699 0.151755
0.003447 0.828176 -0.493057 0.002166 -0.923251 0.155557
0.003467 0.821053 -0.497305 0.002178 -0.960808 0.074818
0.003487 0.813801 -0.499581 0.002191 -0.954504 0.090598
0.003507 0.806419 -0.499879 0.002204 -0.915831 0.122216
0.003527 0.798909 -0.498195 0.002216 -0.980549 0.060734
0.003547 0.791273 -0.494538 0.002229 -0.974099 0.042911
0.003567 0.783511 -0.488921 0.002241 -0.924031 -0.119962
0.003587 0.775625 -0.481366 0.002254 -0.964573 -0.151930
0.003607 0.767616 -0.471905 0.002266 -0.988741 -0.094024
0.003627 0.759485 -0.460573 0.002279 -0.956424 -0.180806
0.003647 0.751234 -0.447416 0.002292 -0.915539 -0.146252
0.003667 0.742864 -0.432487 0.002304 -0.913067 -0.192378
0.003687 0.734376 -0.415844 0.002317 -0.903200 -0.294948
0.003707 0.725772 -0.397553 0.002329 -0.945302 -0.353186
0.003727 0.717052 -0.377687 0.002342 -0.902304 -0.427362
0.003747 0.708219 -0.356325 0.002355 -0.950797 -0.389058
0.003768 0.699273 -0.333550 0.002367 -0.935691 -0.446621
0.003788 0.690217 -0.309454 0.002380 -0.979813 -0.467928
0.003808 0.681051 -0.284132 0.002392 -0.913999 -0.511764
0.003828 0.671778 -0.257684 0.002405 -0.909952 -0.646958
0.003848 0.662397 -0.230215 0.002418 -0.996679 -0.687797
0.003868 0.652912 -0.201833 0.002430 -0.913290 -0.636622
0.003888 0.643323 -0.172652 0.002443 -0.997583 -0.653948
0.003908 0.633633 -0.142787 0.002455 -0.928958 -0.813652
0.003928 0.623841 -0.112356 0.002468 -0.965191 -0.765081
0.003948 0.613951 -0.081480 0.002481 -0.927845 -0.759355
0.003968 0.603964 -0.050281 0.002493 -0.939055 -0.925816
0.003988 0.593880 -0.018883 0.002506 -0.992518 -0.958872
0.004008 0.583703 0.012590 0.002518 -0.989745 -0.885436
0.004028 0.573433 0.044013 0.002531 -0.931753 -0.798340
0.004048 0.563072 0.075262 0.002543 -0.992737 -0.873876
0.004068 0.552622 0.106213 0.002556 -0.975118 -0.800248
0.004088 0.542084 0.136742 0.002569 -0.997384 -0.684034
0.004108 0.531461 0.166730 0.002581 -0.992762 -0.668396
0.004128 0.520753 0.196058 0.002594 -0.994105 -0.740146
0.004148 0.509962 0.224608 0.002606 -0.999309 -0.651688
0.004168 0.499091 0.252268 0.002619 -0.962357 -0.630234
0.004188 0.488141 0.278929 0.002632 -0.947383 -0.617472
0.004208 0.477113 0.304485 0.002644 -0.913491 -0.445204
0.004228 0.466009 0.328834 0.002657 -0.903173 -0.443743
0.004248 0.454832 0.351880 0.002669 -0.950847 -0.399446
0.004269 0.443582 0.373532 0.002682 -0.999981 -0.417471
0.004289 0.432262 0.393704 0.002695 -0.961648 -0.306828
0.004309 0.420874 0.412316 0.002707 -0.945150 -0.265919
0.004329 0.409419 0.429294 0.002720 -0.955186 -0.318286
0.004349 0.397899 0.444571 0.002732 -0.925984 -0.240470
0.004369 0.386316 0.458086 0.002745 -0.912621 -0.228360
0.004389 0.374671 0.469786 0.002758 -0.958028 -0.218597
0.004409 0.362968 0.479625 0.002770 -0.906492 -0.071331
0.004429 0.351206 0.487564 0.002783 -0.954284 -0.074790
0.004449 0.339389 0.493570 0.002795 -0.999518 -0.096653
0.004469 0.327519 0.497621 0.002808 -0.940156 -0.036555
0.004489 0.315596 0.499700 0.002821 -0.959985 0.002880
0.004509 0.303623 0.499799 0.002833 -0.906337 0.151537
0.004529 0.291602 0.497918 0.002846 -0.942933 0.141296
0.004549 0.279535 0.494064 0.002858 -0.962508 0.236857
0.004569 0.267424 0.488252 0.002871 -0.925468 0.219994
0.004589 0.255270 0.480505 0.002883 -0.900911 0.184132
0.004609 0.243076 0.470855 0.002896 -0.942101 0.323109
0.004629 0.230843 0.459339 0.002909 -0.983740 0.331910
0.004649 0.218573 0.446002 0.002921 -0.948284 0.306443
0.004669 0.206269 0.430899 0.002934 -0.939657 0.358897
0.004689 0.193932 0.414088 0.002946 -0.967104 0.498523
0.004709 0.181565 0.395636 0.002959 -0.973889 0.554129
0.004729 0.169169 0.375617 0.002972 -0.943170 0.545703
0.004749 0.156745 0.354109 0.002984 -0.900840 0.574157
0.004770 0.144297 0.331199 0.002997 -0.941274 0.662526
0.004790 0.131826 0.306976 0.003009 -0.954235 0.687669
0.004810 0.119335 0.281536 0.003022 -0.994590 0.634484
0.004830 0.106824 0.254981 0.003035 -0.995516 0.782902
0.004850 0.094296 0.227416 0.003047 -0.985256 0.768043
0.004870 0.081754 0.198949 0.003060 -0.901367 0.841116
0.004890 0.069198 0.169695 0.003072 -0.953180 0.783640
0.004910 0.056632 0.139768 0.003085 -0.951836 0.962316
0.004930 0.044056 0.109287 0.003098 -0.950693 0.938085
0.004950 0.031474 0.078373 0.003110 -0.918470 0.910956
0.004970 0.018886 0.047148 0.003123 -0.950667 0.962774
0.004990 0.006296 0.015737 0.003135 -0.966690 1.062395
0.005010 -0.006296 -0.015737 0.003148 1.037297 1.038300
0.005030 -0.018886 -0.047148 0.003160 1.006470 0.985861
0.005050 -0.031474 -0.078373 0.003173 1.025847 0.913350
0.005070 -0.044056 -0.109287 0.003186 1.075456 0.902704
0.005090 -0.056632 -0.139768 0.003198 1.057160 0.858788
0.005110 -0.069198 -0.169695 0.003211 1.083231 0.834830
0.005130 -0.081754 -0.198949 0.003223 1.025625 0.749187
0.005150 -0.094296 -0.227416 0.003236 1.040495 0.818447
0.005170 -0.106824 -0.254981 0.003249 1.034582 0.796376
0.005190 -0.119335 -0.281536 0.003261 1.029709 0.745496
0.005210 -0.131826 -0.306976 0.003274 1.042744 0.708828
0.005230 -0.144297 -0.331199 0.003286 1.021988 0.632746
0.005251 -0.156745 -0.354109 0.003299 1.041420 0.565198
0.005271 -0.169169 -0.375617 0.003312 1.098041 0.523681
0.005291 -0.181565 -0.395636 0.003324 1.029090 0.515707
0.005311 -0.193932 -0.414088 0.003337 1.015877 0.491235
0.005331 -0.206269 -0.430899 0.003349 1.011945 0.377737
0.005351 -0.218573 -0.446002 0.003362 1.063968 0.433532
0.005371 -0.230843 -0.459339 0.003375 1.082302 0.258667
0.005391 -0.243076 -0.470855 0.003387 1.067345 0.261079
0.005411 -0.255270 -0.480505 0.003400 1.096943 0.228648
0.005431 -0.267424 -0.488252 0.003412 1.012699 0.145483
0.005451 -0.279535 -0.494064 0.003425 1.063640 0.215999
0.005471 -0.291602 -0.497918 0.003437 1.070878 0.189675
0.005491 -0.303623 -0.499799 0.003450 1.051625 0.068708
0.005511 -0.315596 -0.499700 0.003463 1.056014 0.041617
0.005531 -0.327519 -0.497621 0.003475 1.012327 -0.030905
0.005551 -0.339389 -0.493570 0.003488 1.074627 -0.070853
0.005571 -0.351206 -0.487564 0.003500 1.004837 -0.119091
0.005591 -0.362968 -0.479625 0.003513 1.008068 -0.107667
0.005611 -0.374671 -0.469786 0.003526 1.073248 -0.134922
0.005631 -0.386316 -0.458086 0.003538 1.068337 -0.151775
0.005651 -0.397899 -0.444571 0.003551 1.097519 -0.193293
0.005671 -0.409419 -0.429294 0.003563 1.092694 -0.213838
0.005691 -0.420874 -0.412316 0.003576 1.007837 -0.264838
0.005711 -0.432262 -0.393704 0.003589 1.084718 -0.282444
0.005731 -0.443582 -0.373532 0.003601 1.033520 -0.434225
0.005752 -0.454832 -0.351880 0.003614 1.017247 -0.497872
0.005772 -0.466009 -0.328834 0.003626 1.084679 -0.453777
0.005792 -0.477113 -0.304485 0.003639 1.039383 -0.529898
0.005812 -0.488141 -0.278929 0.003652 1.012741 -0.476788
0.005832 -0.499091 -0.252268 0.003664 1.050863 -0.554908
0.005852 -0.509962 -0.224608 0.003677 1.072618 -0.661133
0.005872 -0.520753 -0.196058 0.003689 1.053535 -0.681758
0.005892 -0.531461 -0.166730 0.003702 1.098520 -0.657376
0.005912 -0.542084 -0.136742 0.003714 1.032540 -0.808035
0.005932 -0.552622 -0.106213 0.003727 1.051583 -0.808961
0.005952 -0.563072 -0.075262 0.003740 1.093442 -0.778969
0.005972 -0.573433 -0.044013 0.003752 1.007104 -0.859546
0.005992 -0.583703 -0.012590 0.003765 1.037208 -0.941320
0.006012 -0.593880 0.018883 0.003777 1.060894 -0.856831
0.006032 -0.603964 0.050281 0.003790 1.059492 -0.815300
0.006052 -0.613951 0.081480 0.003803 1.063703 -0.882294
0.006072 -0.623841 0.112356 0.003815 1.080434 -0.750336
0.006092 -0.633633 0.142787 0.003828 1.085694 -0.686407
0.006112 -0.643323 0.172652 0.003840 1.051040 -0.733131
0.006132 -0.652912 0.201833 0.003853 1.021562 -0.655202
0.006152 -0.662397 0.230215 0.003866 1.037968 -0.622779
0.006172 -0.671778 0.257684 0.003878 1.072887 -0.583788
0.006192 -0.681051 0.284132 0.003891 1.089889 -0.562703
0.006212 -0.690217 0.309454 0.003903 1.036017 -0.455785
0.006232 -0.699273 0.333550 0.003916 1.052692 -0.495501
0.006253 -0.708219 0.356325 0.003929 1.074918 -0.407114
0.006273 -0.717052 0.377687 0.003941 1.057075 -0.412025
0.006293 -0.725772 0.397553 0.003954 1.051953 -0.379769
0.006313 -0.734376 0.415844 0.003966 1.084947 -0.344231
0.006333 -0.742864 0.432487 0.003979 1.045611 -0.205450
0.006353 -0.751234 0.447416 0.003992 1.091239 -0.226449
0.006373 -0.759485 0.460573 0.004004 1.089202 -0.237839
0.006393 -0.767616 0.471905 0.004017 1.064954 -0.066259
0.006413 -0.775625 0.481366 0.004029 1.007723 -0.128847
0.006433 -0.783511 0.488921 0.004042 1.078286 -0.079540
0.006453 -0.791273 0.494538 0.004054 1.048935 0.015841
0.006473 -0.798909 0.498195 0.004067 1.077327 -0.025671
0.006493 -0.806419 0.499879 0.004080 1.091943 0.053224
0.006513 -0.813801 0.499581 0.004092 1.044534 0.150197
0.006533 -0.821053 0.497305 0.004105 1.021299 0.186640
0.006553 -0.828176 0.493057 0.004117 1.027335 0.255163
0.006573 -0.835167 0.486856 0.004130 1.045225 0.212094
0.006593 -0.842026 0.478726 0.004143 1.075197 0.194384
0.006613 -0.848752 0.468699 0.004155 1.011466 0.264194
0.006633 -0.855343 0.456815 0.004168 1.091216 0.384246
0.006653 -0.861798 0.443121 0.004180 1.085049 0.413631
0.006673 -0.868116 0.427671 0.004193 1.044740 0.435429
0.006693 -0.874297 0.410527 0.004206 1.067737 0.498318
0.006713 -0.880340 0.391755 0.004218 1.061091 0.436939
0.006733 -0.886242 0.371432 0.004231 1.002897 0.530431
0.006754 -0.892005 0.349637 0.004243 1.001164 0.537724
0.006774 -0.897626 0.326456 0.004256 1.033405 0.666652
0.006794 -0.903104 0.301982 0.004269 1.042598 0.689403
0.006814 -0.908439 0.276311 0.004281 1.017668 0.672550
0.006834 -0.913631 0.249546 0.004294 1.071769 0.738870
0.006854 -0.918677 0.221791 0.004306 1.079384 0.827840
0.006874 -0.923578 0.193158 0.004319 1.012234 0.885732
0.006894 -0.928332 0.163759 0.004331 1.030755 0.844318
0.006914 -0.932940 0.133712 0.004344 1.094788 0.946085
0.006934 -0.937399 0.103135 0.004357 1.069644 0.939000
0.006954 -0.941710 0.072149 0.004369 1.075404 0.909004
0.006974 -0.945871 0.040877 0.004382 1.050294 1.054462
0.006994 -0.949882 0.009443 0.004394 1.040966 1.091273
0.007014 -0.953743 -0.022028 0.004407 1.008001 1.006725
0.007034 -0.957453 -0.053412 0.004420 1.071354 0.986524
0.007054 -0.961011 -0.084584 0.004432 1.041102 1.011820
0.007074 -0.964416 -0.115421 0.004445 1.038139 0.861121
0.007094 -0.967669 -0.145801 0.004457 1.056538 0.895034
0.007114 -0.970768 -0.175603 0.004470 1.010363 0.901352
0.007134 -0.973713 -0.204709 0.004483 1.073152 0.838596
0.007154 -0.976504 -0.233005 0.004495 1.014475 0.823790
0.007174 -0.979140 -0.260376 0.004508 1.097524 0.676487
0.007194 -0.981621 -0.286717 0.004520 1.096755 0.722254
0.007214 -0.983946 -0.311921 0.004533 1.080716 0.592088
0.007234 -0.986115 -0.335889 0.004546 1.056129 0.572238
0.007255 -0.988128 -0.358526 0.004558 1.033416 0.558597
0.007275 -0.989984 -0.379743 0.004571 1.071773 0.541512
0.007295 -0.991683 -0.399455 0.004583 1.075679 0.450567
0.007315 -0.993225 -0.417584 0.004596 1.057630 0.453595
0.007335 -0.994609 -0.434058 0.004608 1.059149 0.424997
0.007355 -0.995836 -0.448813 0.004621 1.022789 0.336244
0.007375 -0.996905 -0.461789 0.004634 1.052289 0.388327
0.007395 -0.997816 -0.472936 0.004646 1.075627 0.249352
0.007415 -0.998568 -0.482208 0.004659 1.046659 0.184306
0.007435 -0.999163 -0.489570 0.004671 1.022658 0.208986
0.007455 -0.999599 -0.494992 0.004684 1.016127 0.210782
0.007475 -0.999876 -0.498452 0.004697 1.069025 0.090845
0.007495 -0.999995 -0.499938 0.004709 1.020080 0.104694
0.007515 -0.999955 -0.499443 0.004722 -0.972063 0.045071
0.007535 -0.999757 -0.496968 0.004734 -0.964350 0.074089
0.007555 -0.999401 -0.492525 0.004747 -0.907570 -0.076909
0.007575 -0.998885 -0.486130 0.004760 -0.929408 -0.049957
0.007595 -0.998212 -0.477808 0.004772 -0.949675 -0.125927
0.007615 -0.997380 -0.467594 0.004785 -0.997118 -0.206145
0.007635 -0.996390 -0.455527 0.004797 -0.968939 -0.204878
0.007655 -0.995242 -0.441654 0.004810 -0.996653 -0.228910
0.007675 -0.993937 -0.426032 0.004823 -0.966310 -0.321989
0.007695 -0.992474 -0.408722 0.004835 -0.937077 -0.345809
0.007715 -0.990853 -0.389792 0.004848 -0.979931 -0.373044
0.007735 -0.989075 -0.369317 0.004860 -0.971682 -0.453848
0.007756 -0.987141 -0.347380 0.004873 -0.918773 -0.465265
0.007776 -0.985050 -0.324065 0.004886 -0.957021 -0.536771
0.007796 -0.982803 -0.299467 0.004898 -0.957427 -0.456020
0.007816 -0.980400 -0.273682 0.004911 -0.923814 -0.576374
0.007836 -0.977841 -0.246813 0.004923 -0.906185 -0.635604
0.007856 -0.975128 -0.218965 0.004936 -0.934546 -0.665944
0.007876 -0.972260 -0.190251 0.004948 -0.959959 -0.651627
0.007896 -0.969237 -0.160782 0.004961 -0.946681 -0.687299
0.007916 -0.966061 -0.130676 0.004974 -0.929709 -0.829092
0.007936 -0.962732 -0.100052 0.004986 -0.927765 -0.752391
0.007956 -0.959251 -0.069032 0.004999 -0.930501 -0.763917
0.007976 -0.955617 -0.037739 0.005011 -0.907298 -0.848114
0.007996 -0.951832 -0.006296 0.005024 -0.953871 -0.931364
0.008016 -0.947896 0.025172 0.005037 -0.963329 -0.914442
0.008036 -0.943809 0.056541 0.005049 -0.944841 -0.831282
0.008056 -0.939573 0.087685 0.005062 -0.935973 -0.835304
0.008076 -0.935188 0.118482 0.005074 -0.930157 -0.739939
0.008096 -0.930655 0.148809 0.005087 -0.923897 -0.779375
0.008116 -0.925974 0.178547 0.005100 -0.985960 -0.721908
0.008136 -0.921146 0.207577 0.005112 -0.944369 -0.690154
0.008156 -0.916172 0.235785 0.005125 -0.925059 -0.552604
0.008176 -0.911053 0.263059 0.005137 -0.939888 -0.621732
0.008196 -0.905790 0.289290 0.005150 -0.980236 -0.514390
0.008216 -0.900383 0.314375 0.005163 -0.971771 -0.523430
0.008236 -0.894833 0.338214 0.005175 -0.913284 -0.498823
0.008257 -0.889141 0.360713 0.005188 -0.993697 -0.376638
0.008277 -0.883309 0.381783 0.005200 -0.953219 -0.329744
0.008297 -0.877336 0.401340 0.005213 -0.997508 -0.258089
0.008317 -0.871224 0.419307 0.005225 -0.978902 -0.230386
0.008337 -0.864974 0.435612 0.005238 -0.977521 -0.232714
0.008357 -0.858587 0.450191 0.005251 -0.995771 -0.216533
0.008377 -0.852064 0.462987 0.005263 -0.942856 -0.150133
0.008397 -0.845406 0.473948 0.005276 -0.922286 -0.205225
0.008417 -0.838613 0.483031 0.005288 -0.983550 -0.020630
0.008437 -0.831688 0.490200 0.005301 -0.982360 -0.121586
0.008457 -0.824631 0.495426 0.005314 -0.918107 0.055356
0.008477 -0.817443 0.498690 0.005326 -0.914261 -0.045948
0.008497 -0.810126 0.499978 0.005339 -0.990422 0.079851
0.008517 -0.802680 0.499284 0.005351 -0.970060 0.044381
0.008537 -0.795107 0.496612 0.005364 -0.939559 0.116012
0.008557 -0.787407 0.491973 0.005377 -0.948135 0.147212
0.008577 -0.779583 0.485384 0.005389 -0.958086 0.246116
0.008597 -0.771636 0.476872 0.005402 -0.927725 0.203768
0.008617 -0.763566 0.466470 0.005414 -0.984879 0.308739
0.008637 -0.755375 0.454220 0.005427 -0.917713 0.382794
0.008657 -0.747064 0.440170 0.005440 -0.943546 0.341589
0.008677 -0.738635 0.424376 0.005452 -0.946424 0.356577
0.008697 -0.730088 0.406900 0.005465 -0.943738 0.431045
0.008717 -0.721426 0.387812 0.005477 -0.972733 0.531665
0.008737 -0.712650 0.367188 0.005490 -0.944063 0.568808
0.008758 -0.703760 0.345109 0.005502 -0.928749 0.614607
0.008778 -0.694759 0.321662 0.005515 -0.949356 0.661589
0.008798 -0.685648 0.296940 0.005528 -0.999002 0.657058
0.008818 -0.676428 0.271042 0.005540 -0.938422 0.703060
0.008838 -0.667101 0.244070 0.005553 -0.967230 0.704554
0.008858 -0.657668 0.216131 0.005565 -0.995324 0.753493
0.008878 -0.648131 0.187336 0.005578 -0.902185 0.772447
0.008898 -0.638491 0.157798 0.005591 -0.996091 0.900515
0.008918 -0.628749 0.127635 0.005603 -0.978999 0.942046
0.008938 -0.618909 0.096966 0.005616 -0.986410 0.925164
0.008958 -0.608970 0.065913 0.005628 -0.909103 0.993315
0.008978 -0.598934 0.034599 0.005641 -0.985513 0.979215
0.008998 -0.588803 0.003148 0.005654 -0.932436 1.095699
0.009018 -0.578580 -0.028316 0.005666 -0.947318 1.101217
0.009038 -0.568264 -0.059667 0.005679 -0.947501 1.059235
0.009058 -0.557858 -0.090782 0.005691 -0.946073 0.892516
0.009078 -0.547364 -0.121538 0.005704 -0.999705 0.880144
0.009098 -0.536783 -0.151812 0.005717 -0.984362 0.866865
0.009118 -0.526117 -0.181484 0.005729 -0.998000 0.777099
0.009138 -0.515368 -0.210437 0.005742 -0.964218 0.782976
0.009158 -0.504537 -0.238556 0.005754 -0.985896 0.735973
0.009178 -0.493626 -0.265730 0.005767 -0.941508 0.697714
0.009198 -0.482636 -0.291852 0.005779 -0.947649 0.734504
0.009218 -0.471570 -0.316816 0.005792 -0.923027 0.600929
0.009238 -0.460430 -0.340526 0.005805 -0.928422 0.615642
0.009259 -0.449216 -0.362886 0.005817 -0.995209 0.511567
0.009279 -0.437931 -0.383808 0.005830 -0.921343 0.550881
0.009299 -0.426577 -0.403209 0.005842 -0.930075 0.467345
0.009319 -0.415155 -0.421013 0.005855 -0.942344 0.502666
0.009339 -0.403667 -0.437149 0.005868 -0.935097 0.468376
0.009359 -0.392115 -0.451552 0.005880 -0.993270 0.428911
0.009379 -0.380501 -0.464166 0.005893 -0.908793 0.250865
0.009399 -0.368827 -0.474941 0.005905 -0.975496 0.303936
0.009419 -0.357094 -0.483834 0.005918 -0.964165 0.275723
0.009439 -0.345305 -0.490810 0.005931 -0.976681 0.124364
0.009459 -0.333461 -0.495841 0.005943 -0.908725 0.122561
0.009479 -0.321564 -0.498908 0.005956 -0.906967 0.065513
0.009499 -0.309616 -0.499998 0.005968 -0.957873 0.145772
0.009519 -0.297619 -0.499106 0.005981 -0.921641 0.076636
0.009539 -0.285574 -0.496237 0.005994 -0.936068 -0.019297
0.009559 -0.273485 -0.491401 0.006006 -0.903508 -0.095829
0.009579 -0.261352 -0.484619 0.006019 -0.992559 -0.089304
0.009599 -0.249178 -0.475916 0.006031 -0.987937 -0.131331
0.009619 -0.236964 -0.465327 0.006044 -0.951419 -0.110075
0.009639 -0.224712 -0.452895 0.006057 -0.903108 -0.270212
0.009659 -0.212425 -0.438668 0.006069 -0.927031 -0.240127
0.009679 -0.200105 -0.422703 0.006082 -0.999352 -0.305815
0.009699 -0.187752 -0.405063 0.006094 -0.943395 -0.360495
0.009719 -0.175370 -0.385818 0.006107 -0.986499 -0.389469
0.009739 -0.162960 -0.365044 0.006119 -0.950917 -0.427353
0.009760 -0.150524 -0.342824 0.006132 -0.974085 -0.406890
0.009780 -0.138065 -0.319245 0.006145 -0.958848 -0.430518
0.009800 -0.125583 -0.294402 0.006157 -0.951383 -0.530522
0.009820 -0.113082 -0.268392 0.006170 -0.905915 -0.636691
0.009840 -0.100562 -0.241318 0.006182 -0.978561 -0.603208
0.009860 -0.088027 -0.213288 0.006195 -0.939845 -0.655675
0.009880 -0.075477 -0.184413 0.006208 -0.973928 -0.740720
0.009900 -0.062916 -0.154808 0.006220 -0.958898 -0.778080
0.009920 -0.050345 -0.124589 0.006233 -0.910859 -0.811203
0.009940 -0.037766 -0.093876 0.006245 -0.980155 -0.766144
0.009960 -0.025180 -0.062792 0.006258 -0.991177 -0.787169
0.009980 -0.012591 -0.031458 0.006271 -0.996292 -0.946903
0.010000 -0.000000 -0.000000 0.006283 -0.939744 -0.935681
